Options for the verification:
  Generating no trace
  Search order is breadth first
  Using conservative space optimisation
  Seed is 2904061619
  State space representation uses minimal constraint systems with future testing
  Using HashMap + Compress integers for discrete state storage
[2K
Verifying formula 1 at /Users/luningzhu/Desktop/lsha_new1/resources/uppaal_resources/thermostat.q:1
[2K -- Formula is satisfied.
t.ON:
[0]: (0,0) (2.850957798305026,0) (2.850957798305026,1) (24.76978468029532,1) (24.76978468029532,0) (79.78176699774521,0) (79.78176699774521,1) (100.8532253639123,1) (100.8532253639123,0) (153.0310704558101,0) (153.0310704558101,1) (174.2017843375855,1) (174.2017843375855,0) (200,0)
T_r:
[0]: (0,0) (0,15.2) (1,15.2) (1,15.04875747298735) (2,15.04875747298735) (2,14.89901983426268) (3,14.89901983426268) (3,15.44737806251245) (4,15.44737806251245) (4,15.99028003522612) (5,15.99028003522612) (5,16.52778004305339) (6,16.52778004305339) (6,17.05993183644295) (7,17.05993183644295) (7,17.5867886310176) (8,17.5867886310176) (8,18.10840311289586) (9,18.10840311289586) (9,18.62482744396059) (10,18.62482744396059) (10,19.13611326707525) (11,19.13611326707525) (11,19.64231171124823) (12,19.64231171124823) (12,20.14347339674577) (13,20.14347339674577) (13,20.63964844015406) (14,20.63964844015406) (14,21.13088645939093) (15,21.13088645939093) (15,21.61723657866767) (16,21.61723657866767) (16,22.09874743340148) (17,22.09874743340148) (17,22.57546717507912) (18,22.57546717507912) (18,23.04744347607201) (19,23.04744347607201) (19,23.51472353440357) (20,23.51472353440357) (20,23.97735407846903) (21,23.97735407846903) (21,24.43538137170833) (22,24.43538137170833) (22,24.88885121723248) (23,24.88885121723248) (23,25.33780896240392) (24,25.33780896240392) (24,25.78229950337131) (25,25.78229950337131) (25,25.52576119031713) (26,25.52576119031713) (26,25.27177547758692) (27,25.27177547758692) (27,25.02031696636854) (28,25.02031696636854) (28,24.77136051057244) (29,24.77136051057244) (29,24.52488121431696) (30,24.52488121431696) (30,24.28085442943875) (31,24.28085442943875) (31,24.03925575302792) (32,24.03925575302792) (32,23.80006102498773) (33,23.80006102498773) (33,23.56324632561856) (34,23.56324632561856) (34,23.32878797322592) (35,23.32878797322592) (35,23.09666252175224) (36,23.09666252175224) (36,22.86684675843225) (37,22.86684675843225) (37,22.6393177014717) (38,22.6393177014717) (38,22.41405259774914) (39,22.41405259774914) (39,22.19102892054059) (40,22.19102892054059) (40,21.97022436726684) (41,21.97022436726684) (41,21.75161685726319) (42,21.75161685726319) (42,21.53518452957135) (43,21.53518452957135) (43,21.3209057407533) (44,21.3209057407533) (44,21.10875906272698) (45,21.10875906272698) (45,20.89872328062341) (46,20.89872328062341) (46,20.69077739066523) (47,20.69077739066523) (47,20.48490059806623) (48,20.48490059806623) (48,20.28107231495195) (49,20.28107231495195) (49,20.07927215830079) (50,20.07927215830079) (50,19.87947994790573) (51,19.87947994790573) (51,19.68167570435627) (52,19.68167570435627) (52,19.48583964704049) (53,19.48583964704049) (53,19.29195219216695) (54,19.29195219216695) (54,19.09999395080632) (55,19.09999395080632) (55,18.90994572695243) (56,18.90994572695243) (56,18.72178851560269) (57,18.72178851560269) (57,18.53550350085752) (58,18.53550350085752) (58,18.35107205403883) (59,18.35107205403883) (59,18.16847573182703) (60,18.16847573182703) (60,17.98769627441676) (61,17.98769627441676) (61,17.80871560369085) (62,17.80871560369085) (62,17.63151582141251) (63,17.63151582141251) (63,17.45607920743548) (64,17.45607920743548) (64,17.28238821793201) (65,17.28238821793201) (65,17.11042548363843) (66,17.11042548363843) (66,16.94017380811827) (67,16.94017380811827) (67,16.77161616604251) (68,16.77161616604251) (68,16.60473570148713) (69,16.60473570148713) (69,16.43951572624741) (70,16.43951572624741) (70,16.27593971816918) (71,16.27593971816918) (71,16.11399131949649) (72,16.11399131949649) (72,15.95365433523593) (73,15.95365433523593) (73,15.79491273153702) (74,15.79491273153702) (74,15.63775063408886) (75,15.63775063408886) (75,15.48215232653269) (76,15.48215232653269) (76,15.32810224889019) (77,15.32810224889019) (77,15.17558499600753) (78,15.17558499600753) (78,15.02458531601479) (79,15.02458531601479) (79,14.87508810880079) (80,14.87508810880079) (80,15.42352174588985) (81,15.42352174588985) (81,15.96649837711232) (82,15.96649837711232) (82,16.50407230058381) (83,16.50407230058381) (83,17.03629727414464) (84,17.03629727414464) (84,17.5632265207357) (85,17.5632265207357) (85,18.08491273372076) (86,18.08491273372076) (86,18.60140808215584) (87,18.60140808215584) (87,19.11276421600622) (88,19.11276421600622) (88,19.6190322713114) (89,19.6190322713114) (89,20.12026287529881) (90,20.12026287529881) (90,20.61650615144654) (91,20.61650615144654) (91,21.10781172449574) (92,21.10781172449574) (92,21.59422872541314) (93,21.59422872541314) (93,22.07580579630418) (94,22.07580579630418) (94,22.55259109527727) (95,22.55259109527727) (95,23.02463230125962) (96,23.02463230125962) (96,23.49197661876521) (97,23.49197661876521) (97,23.95467078261523) (98,23.95467078261523) (98,24.41276106261166) (99,24.41276106261166) (99,24.86629326816423) (100,24.86629326816423) (100,25.31531275287144) (101,25.31531275287144) (101,25.06342142522983) (102,25.06342142522983) (102,24.8140364557581) (103,24.8140364557581) (103,24.56713290579981) (104,24.56713290579981) (104,24.3226860848421) (105,24.3226860848421) (105,24.08067154804653) (106,24.08067154804653) (106,23.84106509380469) (107,23.84106509380469) (107,23.60384276131791) (108,23.60384276131791) (108,23.36898082820125) (109,23.36898082820125) (109,23.13645580811122) (110,23.13645580811122) (110,22.9062444483971) (111,22.9062444483971) (111,22.67832372777573) (112,22.67832372777573) (112,22.45267085402928) (113,22.45267085402928) (113,22.22926326172608) (114,22.22926326172608) (114,22.00807860996403) (115,22.00807860996403) (115,21.78909478013653) (116,21.78909478013653) (116,21.57228987372056) (117,21.57228987372056) (117,21.35764221008682) (118,21.35764221008682) (118,21.14513032433171) (119,21.14513032433171) (119,20.93473296513074) (120,20.93473296513074) (120,20.72642909261345) (121,20.72642909261345) (121,20.5201978762594) (122,20.5201978762594) (122,20.31601869281505) (123,20.31601869281505) (123,20.1138711242315) (124,20.1138711242315) (124,19.91373495562264) (125,19.91373495562264) (125,19.7155901732436) (126,19.7155901732436) (126,19.51941696248945) (127,19.51941696248945) (127,19.32519570591367) (128,19.32519570591367) (128,19.1329069812664) (129,19.1329069812664) (129,18.9425315595522) (130,18.9425315595522) (130,18.75405040310718) (131,18.75405040310718) (131,18.56744466369515) (132,18.56744466369515) (132,18.38269568062285) (133,18.38269568062285) (133,18.19978497887382) (134,18.19978497887382) (134,18.01869426726093) (135,18.01869426726093) (135,17.83940543659721) (136,17.83940543659721) (136,17.66190055788495) (137,17.66190055788495) (137,17.48616188052276) (138,17.48616188052276) (138,17.31217183053054) (139,17.31217183053054) (139,17.13991300879201) (140,17.13991300879201) (140,16.96936818931485) (141,16.96936818931485) (141,16.80052031750805) (142,16.80052031750805) (142,16.63335250847646) (143,16.63335250847646) (143,16.46784804533228) (144,16.46784804533228) (144,16.30399037752336) (145,16.30399037752336) (145,16.14176311917813) (146,16.14176311917813) (146,15.98115004746701) (147,15.98115004746701) (147,15.82213510098014) (148,15.82213510098014) (148,15.66470237812118) (149,15.66470237812118) (149,15.50883613551716) (150,15.50883613551716) (150,15.35452078644416) (151,15.35452078644416) (151,15.20174089926859) (152,15.20174089926859) (152,15.05048119590402) (153,15.05048119590402) (153,14.90072655028341) (154,14.90072655028341) (154,15.44903519529172) (155,15.44903519529172) (155,15.99188807812543) (156,15.99188807812543) (156,16.52933948452521) (157,16.52933948452521) (157,17.06144316007956) (158,17.06144316007956) (158,17.58825231559947) (159,17.58825231559947) (159,18.1098196324395) (160,18.1098196324395) (160,18.62619726776596) (161,18.62619726776596) (161,19.13743685977272) (162,19.13743685977272) (162,19.643589532845) (163,19.643589532845) (163,20.14470590267191) (164,20.14470590267191) (164,20.64083608130803) (165,20.64083608130803) (165,21.13202968218467) (166,21.13202968218467) (166,21.61833582507123) (167,21.61833582507123) (167,22.09980314098728) (168,22.09980314098728) (168,22.57647977706561) (169,22.57647977706561) (169,23.04841340136709) (170,23.04841340136709) (170,23.5156512076474) (171,23.5156512076474) (171,23.97823992007655) (172,23.97823992007655) (172,24.43622579791128) (173,24.43622579791128) (173,24.88965464012101) (174,24.88965464012101) (174,25.33857178996784) (175,25.33857178996784) (175,25.0864490865574) (176,25.0864490865574) (176,24.83683504299181) (177,24.83683504299181) (177,24.58970469771807) (178,24.58970469771807) (178,24.34503333755454) (179,24.34503333755454) (179,24.1027964952195) (180,24.1027964952195) (180,23.86296994688452) (181,23.86296994688452) (181,23.62552970975196) (182,23.62552970975196) (182,23.39045203965673) (183,23.39045203965673) (183,23.15771342869188) (184,23.15771342869188) (184,22.92729060285773) (185,22.92729060285773) (185,22.69916051973451) (186,22.69916051973451) (186,22.47330036617808) (187,22.47330036617808) (187,22.24968755603861) (188,22.24968755603861) (188,22.02829972790194) (189,22.02829972790194) (189,21.80911474285346) (190,21.80911474285346) (190,21.59211068226416) (191,21.59211068226416) (191,21.37726584559878) (192,21.37726584559878) (192,21.16455874824574) (193,21.16455874824574) (193,20.95396811936865) (194,20.95396811936865) (194,20.74547289977924) (195,20.74547289977924) (195,20.53905223983143) (196,20.53905223983143) (196,20.33468549733631) (197,20.33468549733631) (197,20.13235223549796) (198,20.13235223549796) (198,19.93203222086973) (199,19.93203222086973) (199,19.73370542133089) (200,19.73370542133089)
r.open:
[0]: (0,0) (200,0)
